0.294837 0.307874 0
0.283058 0.293034 1
0.272746 0.275832 2
0.264643 0.256966 3
0.258353 0.235272 4
0.227066 0.211285 5
0.190163 0.185025 6
0.159593 0.158143 7
0.130945 0.130613 8
0.103851 0.103793 9
0.078630 0.078621 10
0.056422 0.056419 11
0.037546 0.037545 12
0.022815 0.022814 13
0.012530 0.012530 14
0.005986 0.005986 15
0.002369 0.002369 16
0.000796 0.000796 17
0.000186 0.000186 18
0.000038 0.000038 19
0.000004 0.000004 20
0.000000 0.000000 21
0.000000 0.000000 22
0.000000 0.000000 23
0.000000 0.000000 24
0.000000 0.000000 25
0.000000 0.000000 26
0.000000 0.000000 27
0.000000 0.000000 28
0.000000 0.000000 29
0.000000 0.000000 30
